10100000000000000000000000001
101000000000000000000000000000000001
1010000000000000000000000000000000000000000000000000000000000000000001
1010000000000000000000000000000000000000000000000000000000000000000000000000000000000000000001
101000000000000000000000000000000000000000000000000000000000000000000000000000000000000000000000001
10100000000000000000000000000000000000000000000000000000000000000000000000000000000000000000000000000001
1010000000000000000000000000000000000000000000000000000000000000000000000000000000000000000000000000000001
10100000000000000000000000000000000000000000000000000000000000000000000000000000000000000000000000000000001
1010000000000000000000000000000000000000000000000000000000000000000000000000000000000000000000000000000000000001
101001
1010001
10100001
101000001
1010000001
10100000001
101000000001
1010000000001
10100000000001
101000000000001
1010000000000001
10100000000000001
101000000000000001
1010000000000000001
10100000000000000001
101000000000000000001
1010000000000000000001
10100000000000000000001
101000000000000000000001
1010000000000000000000001
10100000000000000000000001
101000000000000000000000001
1010000000000000000000000001
111
101000000000000000000000000001
1010000000000000000000000000001
10100000000000000000000000000001
101000000000000000000000000000001
1010000000000000000000000000000001
10100000000000000000000000000000001
10101
1010000000000000000000000000000000001
10100000000000000000000000000000000001
101000000000000000000000000000000000001
1010000000000000000000000000000000000001
10100000000000000000000000000000000000001
101000000000000000000000000000000000000001
1010000000000000000000000000000000000000001
10100000000000000000000000000000000000000001
101000000000000000000000000000000000000000001
1010000000000000000000000000000000000000000001
10100000000000000000000000000000000000000000001
101000000000000000000000000000000000000000000001
1010000000000000000000000000000000000000000000001
10100000000000000000000000000000000000000000000001
101000000000000000000000000000000000000000000000001
1010000000000000000000000000000000000000000000000001
10100000000000000000000000000000000000000000000000001
101000000000000000000000000000000000000000000000000001
1010000000000000000000000000000000000000000000000000001
10100000000000000000000000000000000000000000000000000001
101000000000000000000000000000000000000000000000000000001
1010000000000000000000000000000000000000000000000000000001
10100000000000000000000000000000000000000000000000000000001
101000000000000000000000000000000000000000000000000000000001
1010000000000000000000000000000000000000000000000000000000001
10100000000000000000000000000000000000000000000000000000000001
101000000000000000000000000000000000000000000000000000000000001
1010000000000000000000000000000000000000000000000000000000000001
10100000000000000000000000000000000000000000000000000000000000001
101000000000000000000000000000000000000000000000000000000000000001
1010000000000000000000000000000000000000000000000000000000000000001
10100000000000000000000000000000000000000000000000000000000000000001
101000000000000000000000000000000000000000000000000000000000000000001
0110
10100000000000000000000000000000000000000000000000000000000000000000001
101000000000000000000000000000000000000000000000000000000000000000000001
1010000000000000000000000000000000000000000000000000000000000000000000001
10100000000000000000000000000000000000000000000000000000000000000000000001
101000000000000000000000000000000000000000000000000000000000000000000000001
1010000000000000000000000000000000000000000000000000000000000000000000000001
10100000000000000000000000000000000000000000000000000000000000000000000000001
101000000000000000000000000000000000000000000000000000000000000000000000000001
1010000000000000000000000000000000000000000000000000000000000000000000000000001
10100000000000000000000000000000000000000000000000000000000000000000000000000001
101000000000000000000000000000000000000000000000000000000000000000000000000000001
1010000000000000000000000000000000000000000000000000000000000000000000000000000001
10100000000000000000000000000000000000000000000000000000000000000000000000000000001
101000000000000000000000000000000000000000000000000000000000000000000000000000000001
1010000000000000000000000000000000000000000000000000000000000000000000000000000000001
10100000000000000000000000000000000000000000000000000000000000000000000000000000000001
101000000000000000000000000000000000000000000000000000000000000000000000000000000000001
1010000000000000000000000000000000000000000000000000000000000000000000000000000000000001
10100000000000000000000000000000000000000000000000000000000000000000000000000000000000001
101000000000000000000000000000000000000000000000000000000000000000000000000000000000000001
1010000000000000000000000000000000000000000000000000000000000000000000000000000000000000001
10100000000000000000000000000000000000000000000000000000000000000000000000000000000000000001
101000000000000000000000000000000000000000000000000000000000000000000000000000000000000000001
00
10100000000000000000000000000000000000000000000000000000000000000000000000000000000000000000001
101000000000000000000000000000000000000000000000000000000000000000000000000000000000000000000001
1010000000000000000000000000000000000000000000000000000000000000000000000000000000000000000000001
10100000000000000000000000000000000000000000000000000000000000000000000000000000000000000000000001
100
1010000000000000000000000000000000000000000000000000000000000000000000000000000000000000000000000001
10100000000000000000000000000000000000000000000000000000000000000000000000000000000000000000000000001
101000000000000000000000000000000000000000000000000000000000000000000000000000000000000000000000000001
1010000000000000000000000000000000000000000000000000000000000000000000000000000000000000000000000000001
010
101000000000000000000000000000000000000000000000000000000000000000000000000000000000000000000000000000001
0111
1011
101000000000000000000000000000000000000000000000000000000000000000000000000000000000000000000000000000000001
1010000000000000000000000000000000000000000000000000000000000000000000000000000000000000000000000000000000001
10100000000000000000000000000000000000000000000000000000000000000000000000000000000000000000000000000000000001
101000000000000000000000000000000000000000000000000000000000000000000000000000000000000000000000000000000000001
110
10100000000000000000000000000000000000000000000000000000000000000000000000000000000000000000000000000000000000001
101000000000000000000000000000000000000000000000000000000000000000000000000000000000000000000000000000000000000001
1010000000000000000000000000000000000000000000000000000000000000000000000000000000000000000000000000000000000000001
10100000000000000000000000000000000000000000000000000000000000000000000000000000000000000000000000000000000000000001
101000000000000000000000000000000000000000000000000000000000000000000000000000000000000000000000000000000000000000001
1010000000000000000000000000000000000000000000000000000000000000000000000000000000000000000000000000000000000000000001
10100000000000000000000000000000000000000000000000000000000000000000000000000000000000000000000000000000000000000000001
101000000000000000000000000000000000000000000000000000000000000000000000000000000000000000000000000000000000000000000001
1010000000000000000000000000000000000000000000000000000000000000000000000000000000000000000000000000000000000000000000001
10100000000000000000000000000000000000000000000000000000000000000000000000000000000000000000000000000000000000000000000001
101000000000000000000000000000000000000000000000000000000000000000000000000000000000000000000000000000000000000000000000001
101000000000000000000000000000000000000000000000000000000000000000000000000000000000000000000000000000000000000000000000000
